0 0 0 0 0 0 0 0 0.1 0.1 0.1 0.1 0.1 0.1 0.1 0.1 20.0 20.0 20.0 20.0 20.0 20.0 20.0 20.0 2 2 2 2 2 2 2 2   
1 0 0 0 0 0 0 0 -1 0 0 0 0 0 0 0 0 0 0 0 0 0 0 0 1 0 0 0 0 0 0 0 = 60 
1 1 0 0 0 0 0 0 0 -1 0 0 0 0 0 0 0 0 0 0 0 0 0 0 0 1 0 0 0 0 0 0 = 150 
1 1 1 0 0 0 0 0 0 0 -1 0 0 0 0 0 0 0 0 0 0 0 0 0 0 0 1 0 0 0 0 0 = 290 
1 1 1 1 0 0 0 0 0 0 0 -1 0 0 0 0 0 0 0 0 0 0 0 0 0 0 0 1 0 0 0 0 = 310 
1 1 1 1 1 0 0 0 0 0 0 0 -1 0 0 0 0 0 0 0 0 0 0 0 0 0 0 0 1 0 0 0 = 360 
1 1 1 1 1 1 0 0 0 0 0 0 0 -1 0 0 0 0 0 0 0 0 0 0 0 0 0 0 0 1 0 0 = 540 
1 1 1 1 1 1 1 0 0 0 0 0 0 0 -1 0 0 0 0 0 0 0 0 0 0 0 0 0 0 0 1 0 = 660 
1 1 1 1 1 1 1 1 0 0 0 0 0 0 0 -1 0 0 0 0 0 0 0 0 0 0 0 0 0 0 0 1 = 760 
1 0 0 0 0 0 0 0 0 0 0 0 0 0 0 0 -1000 0 0 0 0 0 0 0 0 0 0 0 0 0 0 0 < 0 
0 1 0 0 0 0 0 0 0 0 0 0 0 0 0 0 0 -1000 0 0 0 0 0 0 0 0 0 0 0 0 0 0 < 0 
0 0 1 0 0 0 0 0 0 0 0 0 0 0 0 0 0 0 -1000 0 0 0 0 0 0 0 0 0 0 0 0 0 < 0 
0 0 0 1 0 0 0 0 0 0 0 0 0 0 0 0 0 0 0 -1000 0 0 0 0 0 0 0 0 0 0 0 0 < 0 
0 0 0 0 1 0 0 0 0 0 0 0 0 0 0 0 0 0 0 0 -1000 0 0 0 0 0 0 0 0 0 0 0 < 0 
0 0 0 0 0 1 0 0 0 0 0 0 0 0 0 0 0 0 0 0 0 -1000 0 0 0 0 0 0 0 0 0 0 < 0 
0 0 0 0 0 0 1 0 0 0 0 0 0 0 0 0 0 0 0 0 0 0 -1000 0 0 0 0 0 0 0 0 0 < 0 
0 0 0 0 0 0 0 1 0 0 0 0 0 0 0 0 0 0 0 0 0 0 0 -1000 0 0 0 0 0 0 0 0 < 0 
