Modell:
99er

Anzahl der Nachfragen:
99

Nachfrage-      Nachfrage-  	Nachfrage-  	Lagerkosten  	Bestellkosten
Nr              Menge       	Periode     	pro Einheit/Periode
-----------------------------------------------------------------------------
1		111		1		20.0		0.1
2		1		2		20.0		0.1
3		111		3		20.0		0.1
4		11		4		20.0		0.1
5		1111		5		20.0		0.1
6		11		6		20.0		0.1
7		1		7		20.0		0.1
8		11		8		20.0		0.1
9		11		9		20.0		0.1
10		11		10		20.0		0.1
11		111		11		20.0		0.1
12		111		12		20.0		0.1
13		111		13		20.0		0.1
14		111		14		20.0		0.1
15		111		15		20.0		0.1
16		111		16		20.0		0.1
17		111		17		20.0		0.1
18		11		18		20.0		0.1
19		11		19		20.0		0.1
20		11		20		20.0		0.1
21		11		21		20.0		0.1
22		11		22		20.0		0.1
23		11		23		20.0		0.1
24		11		24		20.0		0.1
25		111		25		20.0		0.1
26		11		26		20.0		0.1
27		11		27		20.0		0.1
28		11		28		20.0		0.1
29		11		29		20.0		0.1
30		11		30		20.0		0.1
31		11		31		20.0		0.1
32		11		32		20.0		0.1
33		11		33		20.0		0.1
34		11		34		20.0		0.1
35		11		35		20.0		0.1
36		11		36		20.0		0.1
37		11		37		20.0		0.1
38		111		38		20.0		0.1
39		111		39		20.0		0.1
40		111		40		20.0		0.1
41		110		41		20.0		0.1
42		110		42		20.0		0.1
43		10		43		20.0		0.1
44		111		44		20.0		0.1
45		11		45		20.0		0.1
46		110		46		20.0		0.1
47		10		47		20.0		0.1
48		10		48		20.0		0.1
49		10		49		20.0		0.1
50		10		50		20.0		0.1
51		10		51		20.0		0.1
52		10		52		20.0		0.1
53		1		53		20.0		0.1
54		111		54		20.0		0.1
55		111		55		20.0		0.1
56		110		56		20.0		0.1
57		10		57		20.0		0.1
58		10		58		20.0		0.1
59		10		59		20.0		0.1
60		10		60		20.0		0.1
61		10		61		20.0		0.1
62		10		62		20.0		0.1
63		10		63		20.0		0.1
64		10		64		20.0		0.1
65		1		65		20.0		0.1
66		10		66		20.0		0.1
67		10		67		20.0		0.1
68		10		68		20.0		0.1
69		110		69		20.0		0.1
70		10		70		20.0		0.1
71		10		71		20.0		0.1
72		1		72		20.0		0.1
73		1		73		20.0		0.1
74		11		74		20.0		0.1
75		11		75		20.0		0.1
76		11		76		20.0		0.1
77		11		77		20.0		0.1
78		111		78		20.0		0.1
79		111		79		20.0		0.1
80		11		80		20.0		0.1
81		110		81		20.0		0.1
82		110		82		20.0		0.1
83		10		83		20.0		0.1
84		10		84		20.0		0.1
85		10		85		20.0		0.1
86		110		86		20.0		0.1
87		110		87		20.0		0.1
88		110		88		20.0		0.1
89		10		89		20.0		0.1
90		10		90		20.0		0.1
91		10		91		20.0		0.1
92		10		92		20.0		0.1
93		10		93		20.0		0.1
94		110		94		20.0		0.1
95		110		95		20.0		0.1
96		110		96		20.0		0.1
97		110		97		20.0		0.1
98		110		98		20.0		0.1
99		1110		99		20.0		0.1
-----------------------------------------------------------------------------
